3.410404570020197752e+03
5.464372475785072680e+01
1.986907131374569957e+01
2.841916266118842960e-01
1.405119795808272620e+01
6.778256055793707446e+02
6.615245525541627103e+01
8.290319729212839661e+01
1.613072862850940794e+02
4.467215200872431502e-05
2.999665757979277370e-01
7.177084397264921201e-02
5.619765267439662537e+00
1.400000000000000000e+01
1.400000000000000000e+01
1.300000000000000000e+01
1.400000000000000000e+01
1.400000000000000000e+01
1.300000000000000000e+01
1.400000000000000000e+01
1.100000000000000000e+01
1.400000000000000000e+01
1.300000000000000000e+01
1.200000000000000000e+01
1.200000000000000000e+01
1.400000000000000000e+01
1.400000000000000000e+01
1.100000000000000000e+01
