1.188972864067557680e+02
7.241829134731965212e-01
8.987627104716969240e-02
0.000000000000000000e+00
2.012787138670554810e-02
1.768819018800910925e+01
1.304970419672849991e+00
3.902280542788130139e-03
3.804936230125279373e+00
0.000000000000000000e+00
1.425382099816951270e-02
1.484316810423002859e-03
1.071099568095827959e-01
7.000000000000000000e+00
0.000000000000000000e+00
7.000000000000000000e+00
0.000000000000000000e+00
0.000000000000000000e+00
0.000000000000000000e+00
0.000000000000000000e+00
0.000000000000000000e+00
0.000000000000000000e+00
1.000000000000000000e+00
2.000000000000000000e+00
3.000000000000000000e+00
4.000000000000000000e+00
5.000000000000000000e+00
6.000000000000000000e+00
