1.407824239869299987e+01
7.730893766430615988e-02
9.296923765011949961e-03
0.000000000000000000e+00
2.036543905780346941e-02
2.560341273884276792e+00
6.982790162691819569e-02
7.853918541495253085e-05
5.302523046635777559e-01
0.000000000000000000e+00
4.360452695715631710e-03
1.027746762609102829e-04
1.278830008129921460e-02
7.000000000000000000e+00
0.000000000000000000e+00
6.000000000000000000e+00
0.000000000000000000e+00
0.000000000000000000e+00
0.000000000000000000e+00
0.000000000000000000e+00
0.000000000000000000e+00
0.000000000000000000e+00
1.000000000000000000e+00
2.000000000000000000e+00
3.000000000000000000e+00
4.000000000000000000e+00
5.000000000000000000e+00
6.000000000000000000e+00
