3.801526760990037928e+03
6.012058785183906906e+01
2.270675895537401345e+01
3.049746821848570710e-01
1.410596415112130231e+01
7.292315424173937117e+02
7.296505997293823498e+01
8.546855904273049021e+01
1.805489967385314003e+02
7.169833618042846957e-05
4.016014339924559584e-01
7.997574973647417207e-02
5.847566897991660184e+00
1.400000000000000000e+01
1.400000000000000000e+01
1.400000000000000000e+01
1.400000000000000000e+01
1.400000000000000000e+01
1.400000000000000000e+01
1.400000000000000000e+01
1.300000000000000000e+01
1.400000000000000000e+01
1.400000000000000000e+01
1.400000000000000000e+01
1.300000000000000000e+01
1.400000000000000000e+01
1.400000000000000000e+01
1.200000000000000000e+01
