3.559275636654112532e+03
5.578570613223176622e+01
2.128189708570709016e+01
2.952906450263592109e-01
1.405723258807918263e+01
6.753665564191004478e+02
7.179298053286457559e+01
8.397726573929689664e+01
1.750362300002348945e+02
6.100287416178270394e-05
3.903655296269537556e-01
7.744036899532044660e-02
5.950199771598915000e+00
1.400000000000000000e+01
1.400000000000000000e+01
1.400000000000000000e+01
1.400000000000000000e+01
1.400000000000000000e+01
1.300000000000000000e+01
1.400000000000000000e+01
1.300000000000000000e+01
1.400000000000000000e+01
1.300000000000000000e+01
1.300000000000000000e+01
1.200000000000000000e+01
1.400000000000000000e+01
1.400000000000000000e+01
1.200000000000000000e+01
