5.177517537185804031e+01
2.615601943126912299e-01
4.018501253858708377e-02
0.000000000000000000e+00
3.271516706612850878e-02
4.199816277621549965e+00
4.094701497131822965e-01
7.865615249061513881e-04
2.068390031235078919e+00
0.000000000000000000e+00
7.535477891860133115e-03
6.763582907385355192e-04
2.317476296154934862e-02
7.000000000000000000e+00
0.000000000000000000e+00
7.000000000000000000e+00
0.000000000000000000e+00
0.000000000000000000e+00
0.000000000000000000e+00
0.000000000000000000e+00
0.000000000000000000e+00
0.000000000000000000e+00
1.000000000000000000e+00
2.000000000000000000e+00
3.000000000000000000e+00
4.000000000000000000e+00
5.000000000000000000e+00
6.000000000000000000e+00
