3.783547435400532777e+03
5.437205487843522178e+01
2.155206163064091029e+01
2.870151299540268930e-01
1.404864168067465258e+01
6.912212571696198893e+02
7.064078621278258652e+01
8.482600551666521937e+01
1.786339239043631721e+02
6.486565223714371264e-05
3.866187833060270584e-01
7.758363422447316082e-02
5.777961123385715325e+00
1.400000000000000000e+01
1.400000000000000000e+01
1.400000000000000000e+01
1.400000000000000000e+01
1.400000000000000000e+01
1.400000000000000000e+01
1.400000000000000000e+01
1.200000000000000000e+01
1.400000000000000000e+01
1.300000000000000000e+01
1.300000000000000000e+01
1.300000000000000000e+01
1.400000000000000000e+01
1.400000000000000000e+01
1.100000000000000000e+01
