3.732333329503278037e+03
4.919939413134993345e+01
2.118499418748557517e+01
2.765366452191463931e-01
1.401042011837245660e+01
6.924508396347287089e+02
6.927343007234259176e+01
8.256843410531800487e+01
1.727307157163248519e+02
5.508622826377706220e-05
3.131797747325527626e-01
7.799303453567765776e-02
5.487502033511414190e+00
1.400000000000000000e+01
1.400000000000000000e+01
1.300000000000000000e+01
1.400000000000000000e+01
1.400000000000000000e+01
1.300000000000000000e+01
1.300000000000000000e+01
1.100000000000000000e+01
1.400000000000000000e+01
1.300000000000000000e+01
1.300000000000000000e+01
1.200000000000000000e+01
1.400000000000000000e+01
1.400000000000000000e+01
1.100000000000000000e+01
