1.044507473042833681e+02
5.923424794877498734e-01
8.372276369223215220e-02
0.000000000000000000e+00
6.298072908644143653e-02
9.981470173133457635e+00
7.408636480054857643e-01
2.756890692661445683e-03
2.261708077700893327e+00
0.000000000000000000e+00
9.984326900630519780e-03
8.170285702100260313e-04
6.596166430942447534e-02
8.000000000000000000e+00
0.000000000000000000e+00
7.000000000000000000e+00
0.000000000000000000e+00
0.000000000000000000e+00
0.000000000000000000e+00
0.000000000000000000e+00
0.000000000000000000e+00
1.000000000000000000e+00
1.000000000000000000e+00
2.000000000000000000e+00
3.000000000000000000e+00
4.000000000000000000e+00
5.000000000000000000e+00
6.000000000000000000e+00
