6.452369069493542497e+01
2.244940212314018024e-01
3.781039633518597232e-02
0.000000000000000000e+00
3.315347361269815885e-02
5.149999961982548058e+00
2.516256686630297112e-01
2.489913760019518956e-03
5.162664277330273332e-01
0.000000000000000000e+00
4.850743662567770856e-03
2.191734985391597670e-04
2.969256941005862099e-02
7.000000000000000000e+00
0.000000000000000000e+00
7.000000000000000000e+00
0.000000000000000000e+00
0.000000000000000000e+00
0.000000000000000000e+00
0.000000000000000000e+00
0.000000000000000000e+00
0.000000000000000000e+00
1.000000000000000000e+00
2.000000000000000000e+00
3.000000000000000000e+00
4.000000000000000000e+00
5.000000000000000000e+00
6.000000000000000000e+00
